134229316
134224569
134227835
134252181
134264125
134230498
134229477
134257489
134276407
134230461
134219928
134262437
134243438
134252319
134232894
134225864
134231875
134244687
134235326
134271938
134233796
134265134
134243657
134258597
134250817
134253375
134264693
134235370
134264205
134268438
134231498
134248461
134259694
134266788
134253682
134223668
134234149
134221327
134228131
134235748
134252969
134228683
134271306
134226324
134252399
134276787
134239975
134272922
134260806
134249402
134263160
134220994
134273367
134268411
134253019
134266675
134280392
134251749
134281645
134278719
